[[-0.84901479  2.12805978 -0.59261304 ...  1.61392173 -0.22044855
   0.5964891 ]
 [ 0.98307645  0.27041709 -1.15558872 ...  0.65762796  0.78436561
   0.68199645]
 [-1.73099025  0.75320518 -0.63918503 ...  1.21118101  0.74027404
  -1.26653063]
 ...
 [ 0.36362372  0.16630768  0.37129328 ... -0.3386947   0.5916756
   1.85896147]
 [ 0.74627905  0.44527268 -0.12265897 ...  0.30885911 -0.07892386
  -0.41216984]
 [-0.40916743  0.71135495  1.22694885 ... -0.69426791 -0.8043719
  -1.72425837]]
[[ 1.48185733]
 [ 2.03180345]
 [ 3.17784181]
 [ 1.72896461]
 [ 2.10956861]
 [ 2.6086183 ]
 [ 2.11214464]
 [ 0.18337242]
 [ 1.75538015]
 [ 0.52893112]
 [ 1.76177587]
 [-0.39273876]
 [ 2.42227612]
 [ 1.70826585]
 [ 2.11824295]
 [ 2.42488834]
 [ 2.85704671]
 [ 1.72398897]
 [ 0.79660132]
 [ 3.69408809]
 [ 2.12420758]
 [ 1.40958491]
 [ 1.03453447]
 [ 2.37642334]
 [ 0.87977929]
 [ 2.54018741]
 [ 2.94841384]
 [ 1.45391265]
 [ 1.5301327 ]
 [ 2.5774262 ]
 [ 1.36265494]
 [ 3.40673728]
 [ 1.71439021]
 [ 1.78123074]]
